-1.2994813939206762
-1.6527759432669102
-1.431966849925514
-0.6701754778976968
-0.05191001654178722
0.6215577181494711
1.0631759048322638
1.5489559101833357
1.3171063621748695
1.0852568141664036
0.3676272608068656
-0.29480001921732324
-1.144915028581699
-1.3436432125889555
-1.7079782166022592
-1.0345104819110007
-0.21751683654783444
0.34554635147272605
0.9748522674957055
1.3391872715090092
1.239823179505381
0.6657195368177506
-0.08503138054299673
-0.9241059352403025
-1.133874573914629
-1.1007532099134196
-1.3436432125889555
-0.9572272992415121
-0.20647638188076464
0.29034407813737695
0.930690448827426
1.2508636341724508
1.052135450165194
0.6767599914848202
0.11369680346425999
-0.6480945685635572
-0.902025025906163
-1.255319575252397
-1.2663600299194668
-0.5818518405611384
-0.1071122898771363
0.5663554448141221
1.3171063621748695
1.7256031848564526
1.2729445435065905
0.875488175492077
0.2351418048020279
-0.5708113858940685
-1.3215623032548158
-1.487169123260863
-1.3436432125889555
-0.9461868445744422
-0.603932749895278
0.7209218101530998
1.0190140861639847
1.3943895448443582
1.3943895448443582
0.9527713581615656
0.20202044080081838
-0.5818518405611384
-1.2332386659182575
-1.7852613992717479
-1.2994813939206762
-0.846822752570814
-0.06295047120885719
0.38970817014100534
0.9417309034944961
1.3723086355102185
1.29502545284073
0.8423668114908675
0.16889907679960905
-0.8247418432366743
-1.2221982112511875
-1.200117301917048
-0.7253777512330459
-0.7584991152342553
-0.48248774855751
0.42282953414221464
1.173580451502962
1.3171063621748695
1.4275109088455677
0.8313263568237979
0.014332711460631623
-0.5045686578916496
-0.8909845712390932
-1.6086141245986312
-1.7079782166022592
-0.9351463899073723
-0.05191001654178722
0.6546790821506807
1.0962972688334733
1.2619040888395205
1.3391872715090092
0.6657195368177506
0.10265634879719002
-0.5708113858940685
-0.7253777512330459
-1.3215623032548158
-1.3105218485877461
-0.7474586605671856
-0.018788652540577898
0.4338699888092844
1.052135450165194
1.5710368195174753
1.460632272846777
0.8534072661579374
0.33450589680565623
-0.12919319921127603
-0.9903486632427214
-1.6858973072681198
-1.6527759432669102
-0.6812159325647668
-0.19543592721369488
0.4890722621446335
1.28398499817366
1.4275109088455677
1.4275109088455677
0.8423668114908675
0.13577771279839954
-0.603932749895278
-1.895665945942446
-1.5092500325950027
-1.2774004845865368
-0.8689036619049535
-0.29480001921732324
0.17993953146667882
0.8534072661579374
1.228782724838311
1.228782724838311
0.7540431741543092
0.05849453012891092
-0.5156091125587196
-1.0345104819110007
-1.1117936645804896
-1.3657241219230951
-1.0565913912451403
-0.11815274454420625
0.45595089814342415
0.7871645381555183
1.3171063621748695
1.0631759048322638
0.7098813554860298
-0.06295047120885719
-0.7143372965659761
-1.144915028581699
-1.5313309419291423
-0.9793082085756516
-0.835782297903744
-0.2837595645502535
0.20202044080081838
0.8313263568237979
1.416470454178498
1.1404590875017528
0.6767599914848202
-0.09607183521006651
-0.7474586605671856
-1.3767645765901648
-1.4540477592596537
-1.5975736699315612
-1.07867230057928
-0.44936638455630057
0.3234654421385863
0.8534072661579374
1.184620906170032
1.0190140861639847
0.45595089814342415
0.20202044080081838
-0.5708113858940685
-1.5202904872620726
-1.553411851263282
-1.9398277646107256
-1.2884409392536065
-0.5487304765599289
0.29034407813737695
0.5553149901470525
1.2177422701712413
0.8975690848262166
0.6657195368177506
-0.44936638455630057
-0.8909845712390932
-1.3436432125889555
-1.6417354885998405
-1.431966849925514
-1.1228341192475593
-0.4383259298892308
0.12473725813132976
0.6988409008189602
0.9969331768298451
0.9417309034944961
0.5553149901470525
-0.018788652540577898
-0.5597709312269987
-1.07867230057928
-1.144915028581699
-1.8294232179400274
-0.9461868445744422
-0.5487304765599289
0.17993953146667882
1.052135450165194
1.4716727275138473
1.3171063621748695
0.7540431741543092
-0.09607183521006651
-0.8137013885696044
-1.4761286685937933
-1.3878050312572348
-1.3105218485877461
-0.8909845712390932
-0.20647638188076464
0.2793036234703072
0.6215577181494711
1.2177422701712413
1.0852568141664036
0.8313263568237979
0.1909799861337486
-0.8137013885696044
-1.07867230057928
-1.8073423086058877
-1.1228341192475593
-0.7916204792354649
-0.1071122898771363
0.29034407813737695
0.8423668114908675
1.173580451502962
1.228782724838311
0.6657195368177506
0.12473725813132976
-0.5928922952282081
-1.3988454859243047
-1.3767645765901648
-1.542371396596212
-0.9682677539085819
-0.4383259298892308
0.20202044080081838
0.9748522674957055
1.2729445435065905
1.239823179505381
0.9417309034944961
-0.07399092587592697
-0.5045686578916496
-1.1890768472499782
-1.200117301917048
-0.9241059352403025
-0.5266495672257893
-0.1071122898771363
0.3234654421385863
0.8644477208250074
1.3060659075078
1.2067018155041713
0.8534072661579374
-0.09607183521006651
-0.8578632072378837
-1.2884409392536065
-1.023470027243931
-1.6858973072681198
-1.3988454859243047
-0.36104274721974206
0.3676272608068656
1.1073377235005433
1.28398499817366
1.29502545284073
0.9086095394932865
0.03641362079477117
-0.780580024568395
-1.0455509365780704
-1.6748568526010499
-1.443007304592584
-0.8799441165720233
0.025373166127701397
0.6215577181494711
0.9858927221627751
1.3060659075078
1.2067018155041713
0.7761240834884489
0.014332711460631623
-0.603932749895278
-1.1780363925829083
-1.1117936645804896
-1.2994813939206762
-0.6812159325647668
-0.1512741085454156
0.4449104434763544
1.1073377235005433
1.4385513635126377
1.3943895448443582
0.7540431741543092
0.12473725813132976
-0.46040683922337045
-1.5313309419291423
-1.3326027579218858
-1.5865332152644913
-0.846822752570814
-0.17335501787955532
0.4449104434763544
0.875488175492077
1.1625399968358923
1.228782724838311
1.0079736314969148
0.047454075461840946
-0.305840473884393
-1.1780363925829083
-1.2774004845865368
-1.3215623032548158
-1.0565913912451403
-0.2285572912149044
0.38970817014100534
1.0852568141664036
1.3723086355102185
1.173580451502962
0.7098813554860298
-0.1071122898771363
-0.4383259298892308
-0.9351463899073723
-1.1890768472499782
-1.3436432125889555
-1.0455509365780704
-0.1843954725466251
0.5001127168117034
0.9748522674957055
1.29502545284073
1.2508636341724508
0.6215577181494711
0.05849453012891092
-0.8247418432366743
-0.846822752570814
-1.6748568526010499
-1.7521400352705385
-0.9461868445744422
-0.3389618378856025
0.11369680346425999
0.9969331768298451
1.2067018155041713
1.173580451502962
0.6767599914848202
-0.04086956187471744
-0.305840473884393
-1.2884409392536065
-1.255319575252397
-1.2111577565841176
-1.0455509365780704
-0.5597709312269987
0.06953498479598069
0.9417309034944961
1.3391872715090092
1.0962972688334733
0.6767599914848202
0.03641362079477117
-0.49352820322457985
-1.2221982112511875
-1.2884409392536065
-1.200117301917048
-0.8247418432366743
-0.25063820054904395
0.31242498747151654
0.930690448827426
1.3723086355102185
1.2729445435065905
0.8975690848262166
0.25722271413616743
-0.6701754778976968
-1.5865332152644913
-1.7742209446046784
-1.3767645765901648
-1.012429572576861
-0.5818518405611384
0.4338699888092844
1.0079736314969148
1.4385513635126377
1.228782724838311
0.6546790821506807
0.1468181674654693
-0.7143372965659761
-0.780580024568395
-1.2884409392536065
-1.2111577565841176
-0.835782297903744
-0.31688092855146277
0.4338699888092844
1.1073377235005433
1.2067018155041713
1.2508636341724508
0.8092454474896583
-0.07399092587592697
-0.5487304765599289
-1.2332386659182575
-1.498209577927933
-1.5313309419291423
-1.0455509365780704
-0.49352820322457985
0.42282953414221464
0.9417309034944961
1.3943895448443582
1.2067018155041713
0.8092454474896583
0.1578586221325391
-0.5818518405611384
-1.5754927605974216
-1.3436432125889555
-1.7963018539388178
-1.0565913912451403
-0.4052045658880214
0.33450589680565623
0.9196499941603564
1.3171063621748695
1.052135450165194
0.7540431741543092
0.047454075461840946
-0.5266495672257893
-1.133874573914629
-1.8846254912753764
-1.7963018539388178
-1.3767645765901648
-0.20647638188076464
0.2682631688032372
1.0962972688334733
1.4716727275138473
1.1404590875017528
0.8313263568237979
0.03641362079477117
-0.6480945685635572
-1.3436432125889555
-2.0612727659484933
-1.1559554832487686
-1.1007532099134196
-0.603932749895278
0.31242498747151654
0.9527713581615656
1.2729445435065905
1.1956613608371018
0.7098813554860298
0.0032922567935618485
-0.6591350232306271
-1.0013891179097913
-1.1007532099134196
-1.7631804899376085
-1.1117936645804896
-0.32792138321853254
0.17993953146667882
1.1625399968358923
1.3171063621748695
1.1404590875017528
0.7540431741543092
0.21306089546788815
-0.8026609339025347
-1.2442791205853272
-1.4540477592596537
-1.2332386659182575
-0.5708113858940685
-0.29480001921732324
0.4780318074775639
0.8644477208250074
1.228782724838311
1.1956613608371018
0.6546790821506807
0.20202044080081838
-0.48248774855751
-1.420926395258444
-1.420926395258444
-1.487169123260863
-0.7364182059001158
-0.36104274721974206
0.41178907947514487
1.0300545408310546
1.3060659075078
1.2619040888395205
0.6657195368177506
0.1578586221325391
-0.4383259298892308
-1.3767645765901648
-1.487169123260863
-1.0897127552463497
-0.9461868445744422
-0.20647638188076464
0.21306089546788815
1.0410949954981241
1.3171063621748695
1.1514995421688223
0.8313263568237979
0.38970817014100534
-0.5487304765599289
-1.1228341192475593
-1.4540477592596537
-1.420926395258444
-1.0676318459122103
-0.3389618378856025
0.4890722621446335
0.930690448827426
1.2729445435065905
1.3060659075078
0.7319622648201694
0.2682631688032372
-0.5597709312269987
-1.200117301917048
-1.1780363925829083
-1.3436432125889555
-1.2221982112511875
-0.305840473884393
0.533234080812913
0.8644477208250074
1.4275109088455677
1.4495918181797072
0.6215577181494711
0.11369680346425999
-0.4052045658880214
-1.255319575252397
-1.3878050312572348
-1.2663600299194668
-0.7143372965659761
-0.3389618378856025
0.6105172634824017
1.0300545408310546
1.28398499817366
1.416470454178498
0.6546790821506807
0.05849453012891092
-0.4383259298892308
-1.0565913912451403
-1.7521400352705385
-1.3657241219230951
-0.603932749895278
-0.05191001654178722
0.5001127168117034
1.2729445435065905
1.361268180843149
1.2067018155041713
1.0962972688334733
0.05849453012891092
-0.44936638455630057
-0.9793082085756516
-1.5754927605974216
-1.3326027579218858
-0.9572272992415121
-0.1071122898771363
0.31242498747151654
1.0410949954981241
1.4827131821809167
0.930690448827426
0.875488175492077
0.20202044080081838
-0.4272854752221609
-1.2221982112511875
-1.7742209446046784
-0.9793082085756516
-1.0345104819110007
-0.21751683654783444
0.21306089546788815
1.0631759048322638
1.228782724838311
1.2729445435065905
0.8202859021567279
0.1468181674654693
-0.5487304765599289
-1.5092500325950027
-1.7079782166022592
-1.8846254912753764
-0.9793082085756516
-0.5156091125587196
0.16889907679960905
0.9086095394932865
1.5489559101833357
1.3391872715090092
0.8202859021567279
-0.05191001654178722
-0.603932749895278
-1.4540477592596537
-1.144915028581699
-1.1780363925829083
-1.1559554832487686
-0.2616786552161137
0.2682631688032372
0.9748522674957055
1.1956613608371018
1.1404590875017528
1.3723086355102185
-0.1512741085454156
-0.8137013885696044
-1.1669959379158386
-1.0013891179097913
-1.3767645765901648
-1.200117301917048
-0.17335501787955532
0.45595089814342415
1.1956613608371018
1.4275109088455677
1.3502277261760791
0.875488175492077
0.21306089546788815
-0.49352820322457985
-1.200117301917048
-1.564452305930352
-1.443007304592584
-0.5818518405611384
-0.09607183521006651
0.4338699888092844
0.9086095394932865
1.1625399968358923
1.2508636341724508
0.45595089814342415
0.1468181674654693
-0.902025025906163
-1.498209577927933
-1.5313309419291423
-1.4650882139267234
-1.420926395258444
-0.25063820054904395
0.5001127168117034
1.0962972688334733
1.4827131821809167
1.3723086355102185
0.8092454474896583
-0.007748197873508122
-0.7695395699013252
-1.6527759432669102
-1.542371396596212
-1.487169123260863
-1.1007532099134196
-0.41624502055509116
0.33450589680565623
1.0410949954981241
1.3502277261760791
1.1514995421688223
0.7430027194872393
0.1578586221325391
-1.012429572576861
-1.0565913912451403
-1.200117301917048
-1.3767645765901648
-1.012429572576861
-0.7584991152342553
0.33450589680565623
1.0300545408310546
1.2619040888395205
1.0410949954981241
0.8423668114908675
0.11369680346425999
-0.6149732045623478
-1.2221982112511875
-1.8404636726070969
-1.7521400352705385
-1.200117301917048
-0.6370541138964875
0.41178907947514487
0.9748522674957055
1.2619040888395205
1.2067018155041713
0.6546790821506807
0.014332711460631623
-0.8689036619049535
-1.2111577565841176
-1.0565913912451403
-1.3436432125889555
-1.1780363925829083
-0.39416411122095163
0.42282953414221464
1.228782724838311
1.593117728851615
1.3391872715090092
0.6436386274836111
-0.16231456321248536
-0.5045686578916496
-1.7631804899376085
-1.5975736699315612
-1.0345104819110007
-1.0897127552463497
-0.3500022925526723
0.37866771547393535
1.0300545408310546
1.3281468168419395
1.361268180843149
0.8313263568237979
0.1578586221325391
-0.5487304765599289
-1.0013891179097913
-1.443007304592584
-1.3215623032548158
-0.5928922952282081
-0.007748197873508122
0.3676272608068656
0.875488175492077
1.4937536368479867
1.28398499817366
0.9196499941603564
0.33450589680565623
-0.5928922952282081
-1.2774004845865368
-1.6527759432669102
-1.5865332152644913
-0.835782297903744
-0.31688092855146277
0.6105172634824017
1.0300545408310546
1.3281468168419395
1.1514995421688223
0.6105172634824017
0.4338699888092844
-0.6149732045623478
-1.0013891179097913
-0.8689036619049535
-1.012429572576861
-1.0565913912451403
-0.21751683654783444
0.886528630159147
1.2067018155041713
1.3171063621748695
1.1956613608371018
0.8423668114908675
0.014332711460631623
-0.902025025906163
-1.6638163979339802
-1.7852613992717479
-1.542371396596212
-1.0455509365780704
-0.4383259298892308
0.5442745354799826
0.7209218101530998
1.2508636341724508
1.2619040888395205
1.228782724838311
0.33450589680565623
-0.5045686578916496
-0.8799441165720233
-1.5313309419291423
-1.144915028581699
-0.8137013885696044
-0.36104274721974206
0.20202044080081838
1.1294186328346827
1.3723086355102185
1.228782724838311
0.8423668114908675
0.2351418048020279
-0.8799441165720233
-1.420926395258444
-1.7521400352705385
-1.443007304592584
-1.2884409392536065
-0.39416411122095163
0.4780318074775639
1.2619040888395205
1.29502545284073
1.052135450165194
0.5663554448141221
-0.06295047120885719
-0.603932749895278
-1.3657241219230951
-1.7852613992717479
-1.2111577565841176
-0.9793082085756516
-0.32792138321853254
0.38970817014100534
1.0962972688334733
1.1404590875017528
1.2508636341724508
1.1514995421688223
0.2682631688032372
-0.5597709312269987
-1.2332386659182575
-1.498209577927933
-1.906706400609516
-1.420926395258444
-0.25063820054904395
0.4007486248080751
1.0852568141664036
1.5379154555162657
1.173580451502962
0.6767599914848202
0.047454075461840946
-0.5266495672257893
-1.1007532099134196
-1.6527759432669102
-1.6086141245986312
-0.9903486632427214
-0.04086956187471744
0.42282953414221464
0.8975690848262166
1.3171063621748695
1.0410949954981241
0.7319622648201694
0.10265634879719002
-0.5487304765599289
-1.4761286685937933
-1.5092500325950027
-1.3326027579218858
-1.3105218485877461
-0.4383259298892308
0.6436386274836111
0.9969331768298451
1.5268750008491963
1.0300545408310546
0.522193626145843
-0.06295047120885719
-0.7364182059001158
-1.2221982112511875
-1.8846254912753764
-1.498209577927933
-1.4540477592596537
-0.46040683922337045
0.2793036234703072
1.0742163594993337
1.0631759048322638
1.184620906170032
0.588436354148262
-0.2837595645502535
-0.49352820322457985
-1.1669959379158386
-1.1117936645804896
-1.5975736699315612
-0.8578632072378837
-0.1402336538783458
0.6215577181494711
1.052135450165194
1.228782724838311
1.0631759048322638
0.7319622648201694
-0.2285572912149044
-0.5376900218928591
-0.835782297903744
-0.9903486632427214
-0.9793082085756516
-1.1117936645804896
-0.2727191098831835
0.42282953414221464
1.0300545408310546
1.2067018155041713
1.1956613608371018
0.8423668114908675
0.06953498479598069
-0.5928922952282081
-1.4540477592596537
-1.2221982112511875
-1.0565913912451403
-1.1007532099134196
-0.2285572912149044
0.2682631688032372
1.1073377235005433
1.1625399968358923
1.361268180843149
1.1183781781676128
0.09161589413012024
-0.5597709312269987
-0.7032968418989063
-1.3657241219230951
-1.255319575252397
-1.200117301917048
-0.2837595645502535
0.3565868061397958
1.228782724838311
1.6262390928528243
1.28398499817366
0.6988409008189602
-0.018788652540577898
-0.6149732045623478
-1.3215623032548158
-1.8404636726070969
-1.498209577927933
-1.1117936645804896
-0.4383259298892308
0.29034407813737695
0.8975690848262166
1.239823179505381
1.239823179505381
0.6105172634824017
0.17993953146667882
-0.6480945685635572
-1.1780363925829083
-1.2332386659182575
-1.542371396596212
-0.6701754778976968
-0.2616786552161137
0.45595089814342415
1.0410949954981241
1.3281468168419395
1.0631759048322638
0.9527713581615656
0.12473725813132976
-0.7364182059001158
-1.0345104819110007
-1.4761286685937933
-1.8183827632729574
-1.1228341192475593
-0.20647638188076464
0.5553149901470525
1.1956613608371018
1.173580451502962
1.3723086355102185
1.0852568141664036
-0.05191001654178722
-0.3500022925526723
-0.9572272992415121
-1.4761286685937933
-1.3436432125889555
-1.2884409392536065
-0.07399092587592697
0.8313263568237979
1.0079736314969148
1.4385513635126377
1.3943895448443582
0.8644477208250074
0.03641362079477117
-0.21751683654783444
-1.200117301917048
-1.4098859405913744
-1.2663600299194668
-0.7916204792354649
-0.16231456321248536
0.5001127168117034
0.8644477208250074
1.3833490901772885
1.2177422701712413
0.8423668114908675
0.20202044080081838
-0.46040683922337045
-0.9461868445744422
-1.133874573914629
-1.1007532099134196
-0.49352820322457985
-0.3500022925526723
0.31242498747151654
1.0962972688334733
1.3943895448443582
1.3502277261760791
1.0410949954981241
0.37866771547393535
-0.48248774855751
-1.1669959379158386
-1.3767645765901648
-1.5865332152644913
-0.9682677539085819
-0.23959774588197416
0.5442745354799826
1.2729445435065905
1.3943895448443582
1.3391872715090092
0.7871645381555183
0.3234654421385863
-0.46040683922337045
-1.200117301917048
-1.3436432125889555
-1.443007304592584
-1.2442791205853272
-0.21751683654783444
0.37866771547393535
1.052135450165194
1.416470454178498
1.405429999511428
1.052135450165194
0.4890722621446335
-0.2727191098831835
-1.0676318459122103
-1.3105218485877461
-1.6858973072681198
-0.9351463899073723
-0.3500022925526723
0.24618225946909766
1.052135450165194
1.4937536368479867
1.3281468168419395
0.9196499941603564
0.1578586221325391
-0.846822752570814
-1.1007532099134196
-1.420926395258444
-1.4761286685937933
-0.5708113858940685
-0.17335501787955532
0.33450589680565623
0.8202859021567279
1.1956613608371018
1.1404590875017528
0.8202859021567279
0.3013845328044467
-0.11815274454420625
-1.2994813939206762
-1.431966849925514
-1.2663600299194668
-0.36104274721974206
-0.09607183521006651
0.5773958994811921
0.6657195368177506
1.3060659075078
0.9748522674957055
0.8423668114908675
0.29034407813737695
-0.6922563872318365
-1.3657241219230951
-1.7521400352705385
-1.6748568526010499
-1.0565913912451403
-0.4272854752221609
0.6105172634824017
1.0300545408310546
1.3060659075078
1.2067018155041713
0.8313263568237979
0.03641362079477117
-0.6812159325647668
-1.431966849925514
-1.498209577927933
-1.7742209446046784
-0.8137013885696044
-0.21751683654783444
0.5001127168117034
1.0079736314969148
1.4495918181797072
1.28398499817366
0.9969331768298451
0.37866771547393535
-0.5708113858940685
-0.902025025906163
-0.9461868445744422
-1.2884409392536065
-1.1117936645804896
-0.11815274454420625
0.5994768088153316
1.239823179505381
1.4495918181797072
1.460632272846777
1.0300545408310546
0.25722271413616743
-0.49352820322457985
-1.200117301917048
-1.1559554832487686
-1.7079782166022592
-0.6812159325647668
-0.4052045658880214
0.16889907679960905
0.930690448827426
1.4716727275138473
1.228782724838311
0.8313263568237979
-0.04086956187471744
-0.44936638455630057
-0.9130654805732328
-1.2442791205853272
-1.6086141245986312
-0.7584991152342553
-0.07399092587592697
0.6105172634824017
1.2067018155041713
1.6151986381857544
1.3833490901772885
0.9417309034944961
0.45595089814342415
-0.4052045658880214
-0.9903486632427214
-1.1669959379158386
-0.9903486632427214
-0.9793082085756516
-0.31688092855146277
0.4669913528104939
1.1514995421688223
1.228782724838311
1.1625399968358923
0.8313263568237979
0.06953498479598069
-0.23959774588197416
-1.3105218485877461
-1.4540477592596537
-1.4540477592596537
-0.6591350232306271
0.10265634879719002
0.4669913528104939
0.9417309034944961
1.460632272846777
1.1514995421688223
0.9858927221627751
0.33450589680565623
-0.6812159325647668
-1.4540477592596537
-1.0676318459122103
-1.3767645765901648
-1.1669959379158386
-0.3500022925526723
0.6546790821506807
1.0079736314969148
1.4827131821809167
1.1956613608371018
0.875488175492077
0.17993953146667882
-0.6591350232306271
-0.8799441165720233
-1.8404636726070969
-1.5313309419291423
-0.9903486632427214
-0.1843954725466251
0.5442745354799826
0.9969331768298451
1.3723086355102185
1.1294186328346827
0.8202859021567279
0.3676272608068656
-0.3500022925526723
-0.8799441165720233
-0.7916204792354649
-1.4098859405913744
-0.5487304765599289
-0.06295047120885719
0.4449104434763544
1.052135450165194
1.3943895448443582
1.228782724838311
0.6988409008189602
0.3234654421385863
-0.38312365655388164
-0.9241059352403025
-1.3657241219230951
-1.7410995806034688
-1.0565913912451403
-0.3389618378856025
0.6767599914848202
0.9527713581615656
1.1514995421688223
1.3060659075078
0.8313263568237979
0.37866771547393535
-0.5487304765599289
-1.3546836672560254
-1.1780363925829083
-1.1007532099134196
-1.0345104819110007
0.05849453012891092
0.34554635147272605
0.8975690848262166
1.2619040888395205
1.1183781781676128
1.0300545408310546
0.2682631688032372
-0.4383259298892308
-1.2332386659182575
-1.0897127552463497
-1.5865332152644913
-1.3105218485877461
-0.31688092855146277
0.4890722621446335
0.7540431741543092
1.3502277261760791
1.3171063621748695
0.8644477208250074
0.2682631688032372
-0.49352820322457985
-1.2111577565841176
-1.2774004845865368
-1.564452305930352
-0.8799441165720233
-0.31688092855146277
0.05849453012891092
1.0300545408310546
1.3833490901772885
1.405429999511428
0.6325981728165412
-0.018788652540577898
-0.7253777512330459
-1.7631804899376085
-1.972949128611935
-1.431966849925514
-0.7143372965659761
-0.17335501787955532
0.7319622648201694
0.886528630159147
1.3060659075078
1.4275109088455677
0.6546790821506807
0.34554635147272605
-0.4272854752221609
-0.8799441165720233
-1.1117936645804896
-1.1559554832487686
-0.6370541138964875
-0.21751683654783444
0.533234080812913
1.0742163594993337
1.3281468168419395
1.0962972688334733
0.875488175492077
0.3676272608068656
-0.5045686578916496
-1.443007304592584
-1.8294232179400274
-1.5092500325950027
-0.8137013885696044
-0.31688092855146277
0.34554635147272605
0.9858927221627751
1.2619040888395205
1.29502545284073
0.9417309034944961
0.511153171478773
-0.5376900218928591
-0.9793082085756516
-1.2111577565841176
-1.1780363925829083
-0.29480001921732324
0.17993953146667882
0.4890722621446335
1.1073377235005433
1.4827131821809167
1.1294186328346827
1.1625399968358923
0.1909799861337486
-0.5156091125587196
-1.2663600299194668
-1.5313309419291423
-1.200117301917048
-0.7474586605671856
-0.1071122898771363
0.6988409008189602
1.1404590875017528
1.2619040888395205
1.173580451502962
0.9196499941603564
0.31242498747151654
-0.46040683922337045
-1.200117301917048
-1.420926395258444
-1.6527759432669102
-1.0013891179097913
-0.17335501787955532
0.42282953414221464
1.239823179505381
1.2619040888395205
1.1956613608371018
0.930690448827426
0.16889907679960905
-0.49352820322457985
-0.6812159325647668
-1.255319575252397
-1.487169123260863
-0.8578632072378837
-0.25063820054904395
0.25722271413616743
0.8975690848262166
1.28398499817366
1.29502545284073
0.6657195368177506
0.2351418048020279
-0.5376900218928591
-1.1780363925829083
-1.5202904872620726
-0.9351463899073723
-0.5487304765599289
-0.08503138054299673
0.38970817014100534
1.29502545284073
1.2508636341724508
1.228782724838311
0.9527713581615656
-0.16231456321248536
-0.5708113858940685
-1.1228341192475593
-1.2994813939206762
-1.4761286685937933
-1.0676318459122103
-0.36104274721974206
0.42282953414221464
0.8313263568237979
1.3391872715090092
1.2729445435065905
0.7650836288213788
0.11369680346425999
-0.5045686578916496
-1.487169123260863
-1.3657241219230951
-1.0345104819110007
-0.6260136592294177
-0.2837595645502535
0.3565868061397958
0.8644477208250074
1.2729445435065905
0.9417309034944961
0.8975690848262166
0.38970817014100534
-0.23959774588197416
-1.012429572576861
-1.1780363925829083
-1.2332386659182575
-0.8799441165720233
-0.29480001921732324
0.37866771547393535
0.875488175492077
1.3943895448443582
1.361268180843149
0.7098813554860298
0.34554635147272605
-0.3500022925526723
-0.846822752570814
-1.3105218485877461
-1.2442791205853272
-0.49352820322457985
-0.12919319921127603
0.522193626145843
1.1183781781676128
1.3943895448443582
1.2177422701712413
0.9969331768298451
0.09161589413012024
-0.4272854752221609
-1.0676318459122103
-1.2221982112511875
-0.9903486632427214
-0.7916204792354649
-0.29480001921732324
0.6436386274836111
1.2508636341724508
1.4275109088455677
1.1625399968358923
1.1514995421688223
0.1468181674654693
-0.4714472938904402
-1.144915028581699
-1.255319575252397
-1.1780363925829083
-0.7916204792354649
-0.12919319921127603
0.511153171478773
1.0742163594993337
1.4937536368479867
1.3502277261760791
1.173580451502962
0.5001127168117034
-0.07399092587592697
-0.7474586605671856
-0.6149732045623478
-1.0455509365780704
-0.9793082085756516
-0.2616786552161137
0.5442745354799826
1.0631759048322638
1.405429999511428
1.4385513635126377
0.9969331768298451
0.3234654421385863
-0.5708113858940685
-0.8689036619049535
-0.7916204792354649
-1.1669959379158386
-0.902025025906163
-0.17335501787955532
0.6878004461518902
1.173580451502962
1.3833490901772885
1.3281468168419395
1.0079736314969148
0.17993953146667882
-0.7032968418989063
-1.255319575252397
-1.133874573914629
-2.039191856614354
-0.9793082085756516
-0.17335501787955532
0.6436386274836111
1.2619040888395205
1.5047940915150564
1.1514995421688223
0.9858927221627751
0.08057543946305047
-0.2616786552161137
-1.2111577565841176
-1.487169123260863
-1.3436432125889555
-0.603932749895278
-0.20647638188076464
0.41178907947514487
1.0410949954981241
1.4716727275138473
1.3171063621748695
0.7430027194872393
0.2682631688032372
-0.2837595645502535
-1.420926395258444
-1.4650882139267234
-1.6858973072681198
-0.49352820322457985
-0.32792138321853254
0.6878004461518902
1.0190140861639847
1.416470454178498
1.361268180843149
0.9196499941603564
0.2682631688032372
-0.6480945685635572
-0.8909845712390932
-0.7916204792354649
-1.1228341192475593
-1.023470027243931
-0.21751683654783444
0.6767599914848202
1.1404590875017528
1.4385513635126377
1.4385513635126377
0.7871645381555183
0.13577771279839954
-0.41624502055509116
-1.0897127552463497
-1.2884409392536065
-1.0897127552463497
-0.5487304765599289
0.03641362079477117
0.4669913528104939
1.052135450165194
1.4385513635126377
1.5379154555162657
0.7871645381555183
0.4007486248080751
-0.305840473884393
-0.9903486632427214
-1.2884409392536065
-0.9903486632427214
-0.8578632072378837
-0.29480001921732324
0.7209218101530998
1.2177422701712413
1.4385513635126377
1.5268750008491963
0.9417309034944961
0.25722271413616743
-0.5818518405611384
-1.0013891179097913
-1.730059125936399
-1.2442791205853272
-1.1117936645804896
-0.39416411122095163
0.45595089814342415
1.052135450165194
1.416470454178498
1.1183781781676128
0.8202859021567279
0.03641362079477117
-0.48248774855751
-0.902025025906163
-1.4540477592596537
-1.3546836672560254
-1.0565913912451403
0.22410135013495813
0.7098813554860298
1.1514995421688223
1.3833490901772885
1.2729445435065905
1.0300545408310546
0.45595089814342415
-0.19543592721369488
-0.9130654805732328
-1.3767645765901648
-1.443007304592584
-0.6260136592294177
0.03641362079477117
0.7430027194872393
1.0962972688334733
1.416470454178498
1.2508636341724508
0.930690448827426
0.34554635147272605
-0.38312365655388164
-1.3546836672560254
-1.3767645765901648
-1.144915028581699
-0.7916204792354649
-0.4383259298892308
0.5773958994811921
1.416470454178498
1.4495918181797072
1.3943895448443582
0.875488175492077
0.1578586221325391
-0.48248774855751
-1.2332386659182575
-1.1780363925829083
-1.2221982112511875
-0.9572272992415121
-0.2616786552161137
0.8423668114908675
1.173580451502962
1.6041581835186849
1.5047940915150564
1.0410949954981241
0.2351418048020279
-0.4383259298892308
-1.2774004845865368
-1.7190186712693292
-1.1780363925829083
-0.12919319921127603
0.1468181674654693
0.3676272608068656
1.0852568141664036
1.3171063621748695
1.239823179505381
1.052135450165194
0.17993953146667882
-0.3389618378856025
-1.3657241219230951
-1.1669959379158386
-1.3215623032548158
-0.20647638188076464
-0.17335501787955532
0.533234080812913
1.0079736314969148
1.361268180843149
1.0852568141664036
1.0190140861639847
0.522193626145843
-0.16231456321248536
-0.9351463899073723
-0.9903486632427214
-1.4540477592596537
-0.9130654805732328
-0.20647638188076464
0.3676272608068656
0.9196499941603564
1.3833490901772885
1.3833490901772885
0.9638118128286356
0.6215577181494711
-0.5376900218928591
-1.1559554832487686
-1.6748568526010499
-1.3767645765901648
-0.7364182059001158
-0.1843954725466251
0.37866771547393535
0.9969331768298451
1.4716727275138473
1.361268180843149
1.0300545408310546
0.20202044080081838
-0.05191001654178722
-0.902025025906163
-0.8909845712390932
-0.8799441165720233
-0.6701754778976968
-0.007748197873508122
0.5773958994811921
1.2508636341724508
1.6151986381857544
1.4385513635126377
0.7871645381555183
0.588436354148262
-0.41624502055509116
-0.8247418432366743
-0.7364182059001158
-1.2774004845865368
-1.012429572576861
-0.31688092855146277
0.3234654421385863
1.052135450165194
1.3391872715090092
1.228782724838311
0.7209218101530998
0.42282953414221464
-0.2837595645502535
-1.07867230057928
-1.0013891179097913
-1.012429572576861
-0.6701754778976968
0.025373166127701397
0.5994768088153316
1.0300545408310546
1.4385513635126377
1.3391872715090092
0.9417309034944961
0.37866771547393535
-0.5597709312269987
-0.8689036619049535
-1.012429572576861
-1.023470027243931
-0.780580024568395
0.10265634879719002
0.4669913528104939
1.28398499817366
1.6704009115211036
1.361268180843149
1.0410949954981241
0.1578586221325391
-0.2616786552161137
-0.8689036619049535
-0.9351463899073723
-0.8799441165720233
-0.603932749895278
-0.05191001654178722
0.6105172634824017
1.2508636341724508
1.4937536368479867
1.405429999511428
1.052135450165194
0.45595089814342415
-0.1843954725466251
-0.7032968418989063
-1.3326027579218858
-0.8026609339025347
-0.6812159325647668
0.047454075461840946
0.4338699888092844
1.1404590875017528
1.4495918181797072
1.2508636341724508
0.930690448827426
0.5553149901470525
-0.38312365655388164
-1.023470027243931
-1.3436432125889555
-1.1007532099134196
-0.6812159325647668
0.0032922567935618485
0.7319622648201694
1.0300545408310546
1.703522275522313
1.5599963648504054
0.9527713581615656
0.4890722621446335
-0.5045686578916496
-1.3878050312572348
-1.255319575252397
-0.9903486632427214
-0.9351463899073723
-0.29480001921732324
0.34554635147272605
1.173580451502962
1.28398499817366
1.3391872715090092
0.7761240834884489
0.33450589680565623
-0.3500022925526723
-0.7143372965659761
-1.4761286685937933
-0.9461868445744422
-0.6591350232306271
0.0032922567935618485
0.6215577181494711
1.3060659075078
1.4937536368479867
1.2729445435065905
1.052135450165194
0.22410135013495813
-0.19543592721369488
-0.7474586605671856
-1.2884409392536065
-1.553411851263282
-0.7695395699013252
-0.02982910720764767
0.3676272608068656
0.875488175492077
1.4495918181797072
1.3723086355102185
0.930690448827426
0.16889907679960905
-0.2727191098831835
-1.420926395258444
-1.3326027579218858
-1.2884409392536065
-0.8026609339025347
0.014332711460631623
0.7319622648201694
1.1294186328346827
1.4495918181797072
1.5268750008491963
1.184620906170032
0.42282953414221464
-0.4383259298892308
-0.8578632072378837
-1.144915028581699
-1.023470027243931
-1.1890768472499782
0.05849453012891092
0.5773958994811921
1.1625399968358923
1.3502277261760791
1.3391872715090092
0.9086095394932865
0.3234654421385863
-0.17335501787955532
-1.3105218485877461
-1.6417354885998405
-1.1117936645804896
-0.7695395699013252
-0.2616786552161137
0.3565868061397958
1.1294186328346827
1.3943895448443582
1.361268180843149
1.29502545284073
0.41178907947514487
-0.3389618378856025
-1.07867230057928
-1.2774004845865368
-1.3657241219230951
-0.7584991152342553
-0.05191001654178722
0.6436386274836111
1.1956613608371018
1.2619040888395205
1.1956613608371018
0.7098813554860298
0.2682631688032372
-0.5928922952282081
-1.3436432125889555
-1.4650882139267234
-1.542371396596212
-0.7143372965659761
-0.06295047120885719
0.45595089814342415
1.0852568141664036
1.416470454178498
1.2177422701712413
0.7430027194872393
0.5001127168117034
-0.1512741085454156
-1.3878050312572348
-1.1559554832487686
-1.2663600299194668
-0.6370541138964875
-0.21751683654783444
0.7650836288213788
1.1073377235005433
1.405429999511428
1.2619040888395205
0.9196499941603564
0.13577771279839954
-0.20647638188076464
-1.012429572576861
-1.4098859405913744
-1.1669959379158386
-0.7916204792354649
-0.1512741085454156
0.8534072661579374
1.184620906170032
1.4385513635126377
1.3833490901772885
1.052135450165194
0.16889907679960905
-0.44936638455630057
-0.835782297903744
-1.3105218485877461
-1.144915028581699
-0.6812159325647668
-0.2837595645502535
0.3565868061397958
1.2729445435065905
1.6924818208552435
1.5047940915150564
0.930690448827426
0.21306089546788815
-0.23959774588197416
-1.0013891179097913
-0.9241059352403025
-1.3878050312572348
-0.9461868445744422
-0.21751683654783444
0.11369680346425999
1.1404590875017528
1.361268180843149
1.2619040888395205
0.8202859021567279
0.24618225946909766
-0.6480945685635572
-0.8909845712390932
-1.6196545792657009
-1.4761286685937933
-0.6701754778976968
0.047454075461840946
0.37866771547393535
0.9858927221627751
1.4716727275138473
1.3943895448443582
1.0631759048322638
0.4007486248080751
-0.41624502055509116
-1.2111577565841176
-1.3657241219230951
-1.3326027579218858
-0.8689036619049535
0.047454075461840946
0.5994768088153316
1.0852568141664036
1.228782724838311
1.3943895448443582
0.886528630159147
0.20202044080081838
-0.4383259298892308
-1.1890768472499782
-1.6638163979339802
-1.255319575252397
-0.902025025906163
-0.12919319921127603
0.5773958994811921
1.0631759048322638
1.4716727275138473
1.4937536368479867
1.052135450165194
0.3676272608068656
-0.21751683654783444
-1.0455509365780704
-1.498209577927933
-1.0565913912451403
-0.8247418432366743
-0.21751683654783444
0.37866771547393535
1.1625399968358923
1.405429999511428
1.3281468168419395
1.0852568141664036
0.5663554448141221
-0.5376900218928591
-0.8137013885696044
-1.1669959379158386
-1.3878050312572348
-0.9461868445744422
-0.3389618378856025
0.4007486248080751
0.7761240834884489
1.3171063621748695
1.2508636341724508
0.8975690848262166
-0.06295047120885719
-0.6149732045623478
-0.902025025906163
-1.1117936645804896
-1.2663600299194668
-0.5045686578916496
-0.007748197873508122
0.34554635147272605
1.1956613608371018
1.4495918181797072
1.4937536368479867
0.9858927221627751
0.42282953414221464
-0.2727191098831835
-0.846822752570814
-1.07867230057928
-1.3105218485877461
-0.7032968418989063
0.05849453012891092
0.41178907947514487
0.9638118128286356
1.4495918181797072
1.3833490901772885
0.7982049928225884
0.03641362079477117
-0.32792138321853254
-0.835782297903744
-0.9903486632427214
-1.0897127552463497
-0.835782297903744
-0.3720832018868119
0.6767599914848202
1.0079736314969148
1.3833490901772885
1.28398499817366
0.6988409008189602
0.37866771547393535
-0.04086956187471744
-0.9903486632427214
-1.498209577927933
-0.7695395699013252
-0.5156091125587196
0.1468181674654693
0.511153171478773
1.28398499817366
1.3833490901772885
1.3391872715090092
0.875488175492077
0.08057543946305047
-0.6260136592294177
-1.3767645765901648
-1.895665945942446
-1.2221982112511875
-0.46040683922337045
-0.04086956187471744
0.6657195368177506
0.9969331768298451
1.4716727275138473
1.3281468168419395
0.8644477208250074
0.10265634879719002
-0.36104274721974206
-1.0676318459122103
-1.498209577927933
-1.6086141245986312
-0.8909845712390932
-0.17335501787955532
0.38970817014100534
1.0300545408310546
1.2619040888395205
1.361268180843149
0.7430027194872393
0.1578586221325391
-0.305840473884393
-0.9351463899073723
-1.3215623032548158
-1.851504127274167
-0.5487304765599289
-0.20647638188076464
0.5994768088153316
0.9638118128286356
1.4716727275138473
1.3723086355102185
0.9196499941603564
0.16889907679960905
-0.1843954725466251
-0.8689036619049535
-1.255319575252397
-1.3767645765901648
-0.7916204792354649
0.0032922567935618485
0.7098813554860298
1.0410949954981241
1.5599963648504054
1.5379154555162657
1.052135450165194
0.1578586221325391
-0.6149732045623478
-1.3767645765901648
-1.7521400352705385
-0.902025025906163
-0.7253777512330459
0.06953498479598069
0.6546790821506807
1.1956613608371018
1.5379154555162657
1.3833490901772885
0.8092454474896583
0.047454075461840946
-0.38312365655388164
-1.012429572576861
-1.7079782166022592
-1.1117936645804896
-0.7364182059001158
-0.1843954725466251
0.6215577181494711
0.8313263568237979
1.416470454178498
1.173580451502962
0.8423668114908675
0.25722271413616743
-0.2616786552161137
-0.7032968418989063
-1.1559554832487686
-1.1117936645804896
-0.6149732045623478
-0.09607183521006651
0.34554635147272605
1.184620906170032
1.5379154555162657
1.4385513635126377
1.0742163594993337
0.25722271413616743
-0.31688092855146277
-1.1117936645804896
-1.4650882139267234
-0.8578632072378837
-1.1007532099134196
-0.17335501787955532
0.5001127168117034
1.2508636341724508
1.2508636341724508
1.416470454178498
0.7650836288213788
0.5663554448141221
-0.41624502055509116
-0.603932749895278
-1.5202904872620726
-1.07867230057928
-0.5045686578916496
0.047454075461840946
0.6988409008189602
0.9527713581615656
1.4385513635126377
1.3833490901772885
1.0742163594993337
0.38970817014100534
-0.16231456321248536
-1.133874573914629
-1.1780363925829083
-1.3215623032548158
-0.5708113858940685
-0.007748197873508122
0.7540431741543092
1.1183781781676128
1.405429999511428
1.239823179505381
0.8975690848262166
0.29034407813737695
-0.44936638455630057
-0.846822752570814
-1.255319575252397
-1.2332386659182575
-0.5266495672257893
-0.02982910720764767
0.6215577181494711
1.2177422701712413
1.5047940915150564
1.2729445435065905
0.9196499941603564
0.08057543946305047
-0.32792138321853254
-0.8137013885696044
-1.431966849925514
-1.1117936645804896
-0.6260136592294177
-0.1512741085454156
0.5553149901470525
1.1625399968358923
1.5599963648504054
1.5710368195174753
0.8975690848262166
-0.007748197873508122
-0.2285572912149044
-1.012429572576861
-0.9572272992415121
-1.1559554832487686
-0.7032968418989063
-0.1071122898771363
0.5663554448141221
1.2067018155041713
1.416470454178498
1.361268180843149
1.0079736314969148
0.37866771547393535
-0.41624502055509116
-1.6638163979339802
-0.7364182059001158
-0.8137013885696044
-0.5597709312269987
-0.007748197873508122
0.4007486248080751
1.173580451502962
1.4716727275138473
1.416470454178498
0.9527713581615656
0.6105172634824017
-0.12919319921127603
-0.6149732045623478
-1.0897127552463497
-0.7916204792354649
-0.5156091125587196
0.1468181674654693
0.9748522674957055
1.3281468168419395
1.5710368195174753
1.5379154555162657
0.9748522674957055
0.38970817014100534
-0.2727191098831835
-0.7916204792354649
-1.0565913912451403
-1.023470027243931
-0.7916204792354649
-0.17335501787955532
0.4890722621446335
1.1073377235005433
1.361268180843149
1.2729445435065905
0.930690448827426
0.1468181674654693
-0.4052045658880214
-0.9351463899073723
-1.023470027243931
-1.3988454859243047
-0.9241059352403025
-0.04086956187471744
0.7319622648201694
1.228782724838311
1.648320002186964
1.4827131821809167
0.930690448827426
0.21306089546788815
-0.2727191098831835
-0.9461868445744422
-1.6748568526010499
-1.3988454859243047
-0.7695395699013252
0.1468181674654693
0.5553149901470525
1.3723086355102185
1.6814413661881735
1.361268180843149
0.9527713581615656
0.3234654421385863
-0.08503138054299673
-0.6701754778976968
-0.9351463899073723
-1.3105218485877461
-0.5045686578916496
-0.07399092587592697
0.5553149901470525
1.173580451502962
1.6372795475198945
1.593117728851615
0.9417309034944961
0.6105172634824017
-0.49352820322457985
-1.1669959379158386
-1.2884409392536065
-1.0897127552463497
-0.8247418432366743
-0.07399092587592697
0.4669913528104939
1.0962972688334733
1.3060659075078
1.3723086355102185
1.0079736314969148
0.2793036234703072
-0.5818518405611384
-0.7032968418989063
-1.255319575252397
-0.7916204792354649
-0.6922563872318365
-0.05191001654178722
0.41178907947514487
1.1625399968358923
1.4495918181797072
1.3391872715090092
0.9417309034944961
0.3013845328044467
-0.49352820322457985
-0.8799441165720233
-0.8026609339025347
-0.7695395699013252
-0.5266495672257893
0.025373166127701397
0.7098813554860298
1.0300545408310546
1.5158345461821263
1.5047940915150564
1.1183781781676128
0.33450589680565623
-0.2837595645502535
-0.5818518405611384
-1.200117301917048
-0.9903486632427214
-0.6591350232306271
-0.018788652540577898
0.5994768088153316
1.2619040888395205
1.7587245488576622
1.416470454178498
1.0410949954981241
0.25722271413616743
-0.11815274454420625
-0.7695395699013252
-1.2994813939206762
-0.9682677539085819
-0.39416411122095163
-0.1402336538783458
0.6215577181494711
1.173580451502962
1.2508636341724508
1.3060659075078
0.9086095394932865
0.3565868061397958
-0.41624502055509116
-1.3105218485877461
-1.1780363925829083
-1.0565913912451403
-0.835782297903744
0.014332711460631623
0.6546790821506807
1.29502545284073
1.3391872715090092
1.6372795475198945
0.9527713581615656
0.4007486248080751
0.014332711460631623
-0.5376900218928591
-0.7916204792354649
-0.7584991152342553
-0.5597709312269987
0.13577771279839954
0.4669913528104939
1.184620906170032
1.6041581835186849
1.5489559101833357
1.1073377235005433
0.20202044080081838
-0.4272854752221609
-1.012429572576861
-1.553411851263282
-1.4098859405913744
-0.6701754778976968
-0.23959774588197416
0.3234654421385863
0.9638118128286356
1.4716727275138473
1.5268750008491963
1.0079736314969148
0.20202044080081838
-0.1402336538783458
-0.8909845712390932
-1.6748568526010499
-1.1007532099134196
-0.6149732045623478
-0.018788652540577898
0.6988409008189602
1.184620906170032
1.3943895448443582
1.361268180843149
1.0631759048322638
0.2682631688032372
-0.2616786552161137
-0.9241059352403025
-1.3767645765901648
-1.07867230057928
-0.8909845712390932
0.05849453012891092
0.34554635147272605
1.3060659075078
1.5489559101833357
1.6924818208552435
1.3281468168419395
0.41178907947514487
-0.12919319921127603
-1.023470027243931
-0.7143372965659761
-1.012429572576861
-0.5708113858940685
0.17993953146667882
0.6546790821506807
1.228782724838311
1.6814413661881735
1.5268750008491963
0.9638118128286356
0.34554635147272605
0.0032922567935618485
-0.48248774855751
-0.8799441165720233
-1.443007304592584
-0.6480945685635572
-0.12919319921127603
0.8202859021567279
1.2619040888395205
1.5047940915150564
1.460632272846777
1.2067018155041713
0.7540431741543092
-0.3720832018868119
-0.8909845712390932
-0.9682677539085819
-1.012429572576861
-0.6480945685635572
0.05849453012891092
0.4780318074775639
1.3723086355102185
1.6372795475198945
1.3281468168419395
1.052135450165194
0.2351418048020279
-0.39416411122095163
-0.8689036619049535
-1.498209577927933
-1.0013891179097913
-0.7032968418989063
0.03641362079477117
0.588436354148262
0.9196499941603564
1.3060659075078
1.5047940915150564
0.8092454474896583
0.11369680346425999
-0.07399092587592697
-0.9793082085756516
-1.2332386659182575
-1.1890768472499782
-0.31688092855146277
0.3013845328044467
0.7982049928225884
1.3943895448443582
1.8139268221930112
1.5599963648504054
1.184620906170032
0.4338699888092844
-0.2285572912149044
-1.1117936645804896
-1.2994813939206762
-1.023470027243931
-0.6922563872318365
-0.007748197873508122
0.6325981728165412
-1.2994813939206762
-1.2994813939206762
-1.2994813939206762
